100
1 2 3 4 5 6 7 8 9 10 11 12 13 14 15 16 17 18 19 20 21 22 23 24 25 26 27 28 29 30 31 32 33 34 35 36 37 38 39 40 41 42 43 44 45 46 47 48 49 50 51 52 53 54 55 56 57 58 59 60 61 62 63 64 65 66 67 68 69 70 71 72 73 74 75 76 77 78 79 80 81 82 83 84 85 86 87 88 89 90 91 92 93 94 95 96 97 98 99 100
1 3 2 5 3 10 4 2
2 2 1 5 4 1
3 4 5 3 6 8 7 2 8 5
4 3 1 2 9 7 10 1
5 3 3 3 6 6 8 4
6 2 5 6 9 3
7 1 3 2
8 2 5 4 9 8
9 4 6 2 8 8 10 5 11 7
10 3 1 2 4 1 12 3
11 2 9 7 13 4
12 2 10 3 14 6
13 2 11 4 15 8
14 3 12 6 16 7 17 5
15 1 13 8
16 2 14 7 18 2
17 3 14 5 19 4 20 6
18 1 16 2
19 1 17 4
20 2 17 6 21 1
21 2 20 1 22 4
22 1 21 4
23 2 24 3 25 7
24 3 23 3 26 5 27 9
25 2 23 7 28 2
26 1 24 5
27 2 24 9 29 3
28 1 25 2
29 1 27 3
30 2 31 6 32 2
31 1 30 6
32 2 30 2 33 8
33 3 32 8 34 7 35 1
34 1 33 7
35 2 33 1 36 4
36 2 35 4 37 3
37 1 36 3
38 3 39 2 40 6 41 8
39 1 38 2
40 2 38 6 42 3
41 2 38 8 43 5
42 1 40 3
43 2 41 5 44 2
44 1 43 2
45 2 46 6 47 3
46 2 45 6 48 7
47 1 45 3
48 3 46 7 49 2 50 4
49 1 48 2
50 3 48 4 51 6 52 3
51 1 50 6
52 2 50 3 53 2
53 1 52 2
54 3 55 7 56 5 57 1
55 2 54 7 58 3
56 1 54 5
57 1 54 1
58 2 55 3 59 4
59 1 58 4
60 3 61 2 62 5 63 7
61 1 60 2
62 2 60 5 64 8
63 1 60 7
64 2 62 8 65 3
65 2 64 3 66 4
66 3 65 4 67 5 68 2
67 1 66 5
68 2 66 2 69 7
69 1 68 7
70 2 71 6 72 3
71 1 70 6
72 2 70 3 73 5
73 2 72 5 74 2
74 3 73 2 75 6 76 4
75 2 74 6 77 7
76 1 74 4
77 1 75 7
78 3 79 5 80 3 81 2
79 1 78 5
80 2 78 3 82 4
81 1 78 2
82 2 80 4 83 6
83 1 82 6
84 3 85 5 86 3 87 8
85 2 84 5 88 6
86 1 84 3
87 2 84 8 89 7
88 1 85 6
89 1 87 7
90 2 91 4 92 2
91 1 90 4
92 2 90 2 93 5
93 2 92 5 94 7
94 3 93 7 95 4 96 1
95 1 94 4
96 2 94 1 97 3
97 2 96 3 98 6
98 1 97 6
99 2 100 5 98 7
100 1 99 5
