20
1 2 3 4 5 6 7 8 9 10 11 12 13 14 15 16 17 18 19 20
1 3 2 5 3 10 4 15
2 3 1 5 5 20 6 25
3 3 1 10 7 30 8 35
4 3 1 15 9 40 10 45
5 3 2 20 11 50 12 55
6 3 2 25 13 60 14 65
7 3 3 30 15 70 16 75
8 3 3 35 17 80 18 85
9 3 4 40 19 90 20 95
10 3 4 45 11 50 12 55
11 3 5 50 10 50 13 60
12 3 5 55 10 55 14 65
13 3 6 60 11 60 15 70
14 3 6 65 12 65 16 75
15 3 7 70 13 70 17 80
16 3 7 75 14 75 18 85
17 3 8 80 15 80 19 90
18 3 8 85 16 85 20 95
19 3 9 90 17 90 20 100
20 3 9 95 18 95 19 100
#Heuristic Values
1 19 2 5 3 10 4 15 5 20 6 25 7 30 8 35 9 40 10 45 11 50 12 55 13 60 14 65 15 70 16 75 17 80 18 85 19 90 20 95
2 19 1 5 5 20 6 25 3 10 7 30 8 35 9 40 10 45 11 50 12 55 13 60 14 65 15 70 16 75 17 80 18 85 19 90 20 95
3 19 1 10 7 30 8 35 2 5 5 20 6 25 9 40 10 45 11 50 12 55 13 60 14 65 15 70 16 75 17 80 18 85 19 90 20 95
4 19 1 15 9 40 10 45 2 5 5 20 6 25 3 10 7 30 8 35 11 50 12 55 13 60 14 65 15 70 16 75 17 80 18 85 19 90 20 95
5 19 2 20 11 50 12 55 1 5 3 10 4 15 6 25 7 30 8 35 9 40 10 45 13 60 14 65 15 70 16 75 17 80 18 85 19 90 20 95
6 19 2 25 13 60 14 65 1 5 3 10 4 15 5 20 7 30 8 35 9 40 10 45 11 50 12 55 15 70 16 75 17 80 18 85 19 90 20 95
7 19 3 30 15 70 16 75 1 5 2 10 4 15 5 20 6 25 8 35 9 40 10 45 11 50 12 55 13 60 14 65 17 80 18 85 19 90 20 95
8 19 3 35 17 80 18 85 1 5 2 10 4 15 5 20 6 25 7 30 9 40 10 45 11 50 12 55 13 60 14 65 15 70 16 75 19 90 20 95
9 19 4 40 19 90 20 95 1 5 2 10 3 15 5 20 6 25 7 30 8 35 10 45 11 50 12 55 13 60 14 65 15 70 16 75 17 80 18 85
10 19 4 45 11 50 12 55 1 5 2 10 3 15 5 20 6 25 7 30 8 35 9 40 13 60 14 65 15 70 16 75 17 80 18 85 19 90 20 95
11 19 5 50 10 50 13 60 1 5 2 10 3 15 4 20 6 25 7 30 8 35 9 40 12 55 14 65 15 70 16 75 17 80 18 85 19 90 20 95
12 19 5 55 10 55 14 65 1 5 2 10 3 15 4 20 6 25 7 30 8 35 9 40 11 50 13 60 15 70 16 75 17 80 18 85 19 90 20 95
13 19 6 60 11 60 15 70 1 5 2 10 3 15 4 20 5 25 7 30 8 35 9 40 10 45 12 55 14 65 16 75 17 80 18 85 19 90 20 95
14 19 6 65 12 65 16 75 1 5 2 10 3 15 4 20 5 25 7 30 8 35 9 40 10 45 11 50 13 60 15 70 17 80 18 85 19 90 20 95
15 19 7 70 13 70 17 80 1 5 2 10 3 15 4 20 5 25 6 30 8 35 9 40 10 45 11 50 12 55 14 65 16 75 18 85 19 90 20 95
16 19 7 75 14 75 18 85 1 5 2 10 3 15 4 20 5 25 6 30 8 35 9 40 10 45 11 50 12 55 13 60 15 70 17 80 19 90 20 95
17 19 8 80 15 80 19 90 1 5 2 10 3 15 4 20 5 25 6 30 7 35 9 40 10 45 11 50 12 55 13 60 14 65 16 75 18 85 20 95
18 19 8 85 16 85 20 95 1 5 2 10 3 15 4 20 5 25 6 30 7 35 9 40 10 45 11 50 12 55 13 60 14 65 15 70 17 80 19 90
19 19 9 90 17 90 20 100 1 5 2 10 3 15 4 20 5 25 6 30 7 35 8 40 10 45 11 50 12 55 13 60 14 65 15 70 16 75 18 85
20 19 9 95 18 95 19 100 1 5 2 10 3 15 4 20 5 25 6 30 7 35 8 40 10 45 11 50 12 55 13 60 14 65 15 70 16 75 17 80