30
1 2 3 4 5 6 7 8 9 10 11 12 13 14 15 16 17 18 19 20 21 22 23 24 25 26 27 28 29 30
1 2 2 3 4 10
2 1 3 6
3 2 4 5 8 2
4 2 10 4 11 3
5 1 12 3
6 1 13 2
7 2 14 4 15 5
8 1 16 3
9 2 17 5 18 4
10 2 19 6 20 5
11 1 21 2
12 1 22 4
13 2 23 3 24 5
14 1 25 4
15 1 26 3
16 1 27 5
17 2 28 3 29 2
18 2 29 4 13 5
19 1 15 6
20 2 8 4 14 5
21 1 22 3
22 1 23 2
23 1 24 5
24 1 25 6
25 1 26 2
26 1 27 3
27 1 28 5
28 1 29 6
29 1 22 4
30 0



30
1 2 3 4 5 6 7 8 9 10 11 12 13 14 15 16 17 18 19 20 21 22 23 24 25 26 27 28 29 30
1 2 2 3 4 6
2 2 6 5 8 3
3 1 4 2
4 1 10 5
5 1 11 4
6 2 12 3 13 2
7 2 14 5 15 3
8 2 16 4 17 6
9 2 18 3 19 2
10 2 20 5 21 4
11 2 22 2 23 3
12 2 24 6 25 5
13 1 26 4
14 2 27 3 28 2
15 2 29 4 30 6
16 1 19 5
17 1 20 4
18 1 21 3
19 1 22 6
20 1 23 5
21 1 24 3
22 1 25 4
23 1 26 6
24 1 27 2
25 1 28 3
26 1 29 5
27 1 30 4
28 1 29 6
29 1 30 4
30 0


1 5 4 6 30