50
1 2 3 4 5 6 7 8 9 10 11 12 13 14 15 16 17 18 19 20 21 22 23 24 25 26 27 28 29 30 31 32 33 34 35 36 37 38 39 40 41 42 43 44 45 46 47 48 49 50
1 2 2 3 3 5
2 3 1 3 4 2 5 7
3 2 1 5 4 3
4 3 2 2 5 4 6 8
5 4 1 3 4 4 7 6 10 2
6 3 4 8 7 2 11 9
7 2 5 6 8 3
8 3 6 2 7 3 9 5
9 2 8 5 12 6
10 2 5 2 11 1
11 3 6 9 10 1 13 4
12 2 9 6 14 7
13 2 11 4 15 8
14 2 12 7 16 5
15 2 13 8 17 3
16 3 14 5 18 6 19 9
17 2 15 3 20 2
18 2 16 6 21 5
19 2 16 9 22 4
20 3 17 2 23 7 24 6
21 2 18 5 25 8
22 2 19 4 26 3
23 2 20 7 27 6
24 3 20 6 28 5 29 4
25 3 21 8 30 9 31 3
26 2 22 3 32 7
27 2 23 6 33 4
28 2 24 5 34 2
29 3 24 4 35 7 36 6
30 2 25 9 37 3
31 3 25 3 38 8 39 4
32 3 26 7 40 9 41 2
33 2 27 4 42 3
34 2 28 2 43 8
35 2 29 7 44 6
36 2 29 6 45 5
37 2 30 3 46 8
38 2 31 8 47 7
39 2 31 4 48 3
40 2 32 9 49 6
41 2 32 2 50 8
42 1 33 3
43 1 34 8
44 1 35 6
45 1 36 5
46 1 37 8
47 1 38 7
48 1 39 3
49 1 40 6
50 1 41 8
