9
10 20 30 40 50 60 70 80 90
10 2 20 30 50 5
20 2 10 30 30 30
30 2 20 30 40 30
40 1 30 30
50 2 10 5 60 5
60 2 50 5 70 5
70 2 60 5 80 5
80 2 70 5 90 5
90 1 80 5
10 8 20 30 30 60 40 90 50 5 60 10 70 15 80 20 90 25
20 8 10 30 30 30 40 60 50 35 60 40 70 45 80 50 90 55
30 8 10 60 20 30 40 30 50 65 60 70 70 75 80 80 90 85
40 8 10 90 20 60 30 30 50 95 60 100 70 105 80 110 90 115
50 8 60 5 70 10 80 15 90 20 10 5 20 35 30 65 40 95
60 8 10 10 50 5 70 5 80 10 90 15 20 40 30 70 40 100
70 8 10 15 50 10 60 5 80 5 90 10 20 45 30 75 40 105
80 8 90 5 70 5 60 10 50 15 10 20 20 50 30 80 40 110
90 8 80 5 70 10 60 15 50 20 10 25 20 55 30 85 40 115